Making y...
y=
        price
0       11520
1       11700
2       11610
3       11070
4       11700
5       11160
6       11340
7       11340
8       11340
9       11340
10      11340
11      11340
12      11340
13      11790
14      12240
15      11340
16      11340
17      11340
18      11340
19      11340
20      11340
21      11340
22      11340
23      12240
24       9565
25       9565
26       9565
27       9565
28       9565
29       9565
...       ...
240564  31410
240565  22590
240566  31680
240567  20700
240568  22860
240569  26100
240570  23760
240571  28800
240572  30600
240573  26640
240574  23400
240575  22500
240576  29700
240577  26460
240578  23940
240579  22140
240580  19260
240581  19080
240582  28800
240583  20700
240584  25200
240585  25920
240586  30780
240587  34740
240588  10530
240589  10440
240590  10980
240591   9000
240592   6480
240593   9900

[240594 rows x 1 columns]
Binary encoder selected.
Executing binary encoder..
done.
             0        1        2     3   4  ...    48   49   50   51   52
0       1992.53  40.7844 -73.9445  55.1   9 ...   NaN  NaN  NaN  NaN  NaN
1        1992.5  40.7844 -73.9445  55.1   7 ...   NaN  NaN  NaN  NaN  NaN
2        1992.5  40.7844 -73.9445  55.1   9 ...   NaN  NaN  NaN  NaN  NaN
3       1992.47  40.7844 -73.9445  55.1  14 ...   NaN  NaN  NaN  NaN  NaN
4       1992.37  40.7844 -73.9445  55.1   9 ...   NaN  NaN  NaN  NaN  NaN
5       1992.28  40.7844 -73.9445  55.1  13 ...   NaN  NaN  NaN  NaN  NaN
6       1987.06  40.7844 -73.9445  55.1   5 ...   NaN  NaN  NaN  NaN  NaN
7       1986.99  40.7844 -73.9445  55.1   8 ...   NaN  NaN  NaN  NaN  NaN
8       1986.99  40.7844 -73.9445  55.1   3 ...   NaN  NaN  NaN  NaN  NaN
9       1989.75  40.7844 -73.9445  55.1   7 ...   NaN  NaN  NaN  NaN  NaN
10      1989.75  40.7844 -73.9445  55.1   4 ...   NaN  NaN  NaN  NaN  NaN
11      1989.75  40.7844 -73.9445  55.1   2 ...   NaN  NaN  NaN  NaN  NaN
12      1989.75  40.7844 -73.9445  55.1   3 ...   NaN  NaN  NaN  NaN  NaN
13      1991.74  40.7844 -73.9445  55.1  10 ...   NaN  NaN  NaN  NaN  NaN
14      1989.67  40.7844 -73.9445  55.1   3 ...   NaN  NaN  NaN  NaN  NaN
15      1986.79  40.7844 -73.9445  55.1   6 ...   NaN  NaN  NaN  NaN  NaN
16      1986.79  40.7844 -73.9445  55.1   4 ...   NaN  NaN  NaN  NaN  NaN
17      1986.78  40.7844 -73.9445  55.1  10 ...   NaN  NaN  NaN  NaN  NaN
18      1986.78  40.7844 -73.9445  55.1   6 ...   NaN  NaN  NaN  NaN  NaN
19      1986.78  40.7844 -73.9445  55.1   4 ...   NaN  NaN  NaN  NaN  NaN
20      1986.75  40.7844 -73.9445  55.1  12 ...   NaN  NaN  NaN  NaN  NaN
21       1991.6  40.7844 -73.9445  55.1   2 ...   NaN  NaN  NaN  NaN  NaN
22      1989.56  40.7844 -73.9445  55.1   7 ...   NaN  NaN  NaN  NaN  NaN
23      1991.53  40.7844 -73.9445  55.1  14 ...   NaN  NaN  NaN  NaN  NaN
24      1986.58  40.7844 -73.9445  55.1   4 ...   NaN  NaN  NaN  NaN  NaN
25      1986.57  40.7844 -73.9445  55.1   7 ...   NaN  NaN  NaN  NaN  NaN
26      1986.57  40.7844 -73.9445  55.1  10 ...   NaN  NaN  NaN  NaN  NaN
27      1986.57  40.7844 -73.9445  55.1   5 ...   NaN  NaN  NaN  NaN  NaN
28      1986.57  40.7844 -73.9445  55.1  11 ...   NaN  NaN  NaN  NaN  NaN
29      1986.57  40.7844 -73.9445  55.1   9 ...   NaN  NaN  NaN  NaN  NaN
...         ...      ...      ...   ...  .. ...   ...  ...  ...  ...  ...
240564  1990.07  40.7419 -73.9898  48.5  14 ...     0    1    0    1    0
240565  1982.84  40.7419 -73.9898  48.5  12 ...     0    1    0    1    0
240566  1990.02  40.7419 -73.9898  48.5  10 ...     0    1    0    1    0
240567   1982.2  40.7419 -73.9898  48.5   6 ...     0    1    0    1    0
240568  1982.77  40.7419 -73.9898  48.5  12 ...     0    1    0    1    0
240569  1984.71  40.7419 -73.9898  48.5  15 ...     0    1    0    1    0
240570  1982.73  40.7419 -73.9898  48.5  14 ...     0    1    0    1    0
240571  1988.15  40.7419 -73.9898  48.5   7 ...     0    1    0    1    0
240572  1987.37  40.7419 -73.9898  48.5   1 ...     0    1    0    1    0
240573  1984.67  40.7419 -73.9898  48.5   6 ...     0    1    0    1    0
240574  1981.85  40.7419 -73.9898  48.5  14 ...     0    1    0    1    0
240575  1982.13  40.7419 -73.9898  48.5  13 ...     0    1    0    1    0
240576   1988.1  40.7419 -73.9898  48.5   6 ...     0    1    0    1    0
240577  1984.59  40.7419 -73.9898  48.5   8 ...     0    1    0    1    0
240578  1981.83  40.7419 -73.9898  48.5  11 ...     0    1    0    1    0
240579  1981.83  40.7419 -73.9898  48.5  13 ...     0    1    0    1    0
240580  1982.09  40.7419 -73.9898  48.5   2 ...     0    1    0    1    0
240581  1981.82  40.7419 -73.9898  48.5   3 ...     0    1    0    1    0
240582  1987.27  40.7419 -73.9898  48.5   6 ...     0    1    0    1    0
240583  1981.75  40.7419 -73.9898  48.5   8 ...     0    1    0    1    0
240584  1984.46  40.7419 -73.9898  48.5  13 ...     0    1    0    1    0
240585  1984.44  40.7419 -73.9898  48.5   6 ...     0    1    0    1    0
240586  1987.12  40.7419 -73.9898  48.5   5 ...     0    1    0    1    0
240587  1992.54  40.7419 -73.9898  48.5   3 ...     0    1    0    1    0
240588  1984.34  40.8303 -74.0072  48.9   2 ...   NaN  NaN  NaN  NaN  NaN
240589  1986.61  40.8303 -74.0072  48.9   5 ...   NaN  NaN  NaN  NaN  NaN
240590  1990.49  40.8303 -74.0072  48.9   4 ...   NaN  NaN  NaN  NaN  NaN
240591  1984.15  40.8303 -74.0072  48.9   3 ...   NaN  NaN  NaN  NaN  NaN
240592  1983.47  40.8303 -74.0072  48.9   2 ...   NaN  NaN  NaN  NaN  NaN
240593  1987.44  40.8303 -74.0072  48.9   4 ...   NaN  NaN  NaN  NaN  NaN

[240594 rows x 53 columns]
Imputing...
done.
[[ 1.99253151e+03  4.07844000e+01 -7.39445000e+01 ...  1.00000000e+00
   0.00000000e+00  0.00000000e+00]
 [ 1.99249863e+03  4.07844000e+01 -7.39445000e+01 ...  1.00000000e+00
   0.00000000e+00  0.00000000e+00]
 [ 1.99249589e+03  4.07844000e+01 -7.39445000e+01 ...  1.00000000e+00
   0.00000000e+00  0.00000000e+00]
 ...
 [ 1.98415068e+03  4.08303000e+01 -7.40072000e+01 ...  1.00000000e+00
   0.00000000e+00  0.00000000e+00]
 [ 1.98347123e+03  4.08303000e+01 -7.40072000e+01 ...  1.00000000e+00
   0.00000000e+00  0.00000000e+00]
 [ 1.98744384e+03  4.08303000e+01 -7.40072000e+01 ...  1.00000000e+00
   0.00000000e+00  0.00000000e+00]]
Saving data on impute.csv
yndn0 =  [[11700]
 [11610]
 [11070]
 ...
 [ 9000]
 [ 6480]
 [ 9900]]
yndn1 =  [[11520]
 [11610]
 [11070]
 ...
 [10980]
 [ 6480]
 [ 9900]]
yndn2 =  [[11520]
 [11700]
 [11070]
 ...
 [10980]
 [ 9000]
 [ 9900]]
yndn3 =  [[11520]
 [11700]
 [11610]
 ...
 [10980]
 [ 9000]
 [ 6480]]
yndn4 =  [[11520]
 [11700]
 [11610]
 ...
 [ 9000]
 [ 6480]
 [ 9900]]
gradientboostingregressor
Accuracy -->  [0.95259143]
gradientboostingregressor
Accuracy -->  [0.95294605]
gradientboostingregressor
Accuracy -->  [0.95265473]
gradientboostingregressor
Accuracy -->  [0.95256769]
gradientboostingregressor
Accuracy -->  [0.95340242]
[0.95283246]
Binary encoder selected.
Executing binary encoder..
done.
           0        1        2     3   4  ...    48   49   50   51   52
0     1992.59  40.7844 -73.9445  55.1   1 ...   NaN  NaN  NaN  NaN  NaN
1     1992.75  40.7844 -73.9445  55.1   5 ...   NaN  NaN  NaN  NaN  NaN
2     1988.72  40.7759 -73.9416  51.4   5 ...   NaN  NaN  NaN  NaN  NaN
3     1990.09  40.7844 -73.9408  40.1   2 ...   NaN  NaN  NaN  NaN  NaN
4     1986.16  40.7844 -73.9408  40.1   5 ...   NaN  NaN  NaN  NaN  NaN
5     1982.47  40.7844 -73.9408  40.1   2 ...   NaN  NaN  NaN  NaN  NaN
6     1988.48  40.7844 -73.9408  40.1   1 ...   NaN  NaN  NaN  NaN  NaN
7      1992.8  40.7844 -73.9408  40.1   1 ...   NaN  NaN  NaN  NaN  NaN
8     1992.74  40.7844 -73.9408  40.1   2 ...   NaN  NaN  NaN  NaN  NaN
9      1980.7  40.7844 -73.9408  40.1   2 ...   NaN  NaN  NaN  NaN  NaN
10     1990.2  40.7878 -73.9418  56.7   1 ...   NaN  NaN  NaN  NaN  NaN
11    1986.45  40.7776 -73.9452  40.8   1 ...   NaN  NaN  NaN  NaN  NaN
12    1989.28  40.7776 -73.9452  40.8   5 ...   NaN  NaN  NaN  NaN  NaN
13    1983.86  40.7776 -73.9452  40.8   5 ...   NaN  NaN  NaN  NaN  NaN
14    1989.03  40.7776 -73.9452  40.8   4 ...   NaN  NaN  NaN  NaN  NaN
15    1985.18  40.7776 -73.9452  40.8   1 ...   NaN  NaN  NaN  NaN  NaN
16     1987.9  40.7776 -73.9452  40.8   3 ...   NaN  NaN  NaN  NaN  NaN
17    1982.39  40.7776 -73.9452  40.8   1 ...   NaN  NaN  NaN  NaN  NaN
18    1990.25  40.7776 -73.9452  40.8   4 ...   NaN  NaN  NaN  NaN  NaN
19    1992.67  40.7776 -73.9452  40.8   5 ...   NaN  NaN  NaN  NaN  NaN
20    1992.66  40.7776 -73.9452  40.8   3 ...   NaN  NaN  NaN  NaN  NaN
21    1992.76  40.7861 -73.9424  49.8   4 ...   NaN  NaN  NaN  NaN  NaN
22    1992.75  40.7861 -73.9424  49.8   2 ...   NaN  NaN  NaN  NaN  NaN
23    1985.22  40.7725 -73.9435  37.8   3 ...   NaN  NaN  NaN  NaN  NaN
24    1992.68  40.7861 -73.9411  41.9   2 ...     0    1    0    0    0
25    1991.12  40.7861 -73.9411  41.9   4 ...     0    1    0    0    0
26    1989.02  40.7776 -73.9402  49.2   2 ...   NaN  NaN  NaN  NaN  NaN
27    1987.03   40.798 -73.8587  45.8  22 ...     0    1    0    1    0
28    1986.09   40.798 -73.8587  45.8  17 ...     0    1    0    1    0
29    1980.71   40.798 -73.8587  45.8  16 ...     0    1    0    1    0
...       ...      ...      ...   ...  .. ...   ...  ...  ...  ...  ...
9616  1992.48  40.7419 -73.9882  49.4  10 ...     0    1    0    1    0
9617  1992.79  40.7419 -73.9882  49.4   5 ...     0    1    0    1    0
9618  1986.72  40.7487 -73.9874  50.7   9 ...   NaN  NaN  NaN  NaN  NaN
9619  1981.34  40.7538 -73.9815  56.4   5 ...   NaN  NaN  NaN  NaN  NaN
9620  1986.19  40.7538 -73.9815  56.4   6 ...   NaN  NaN  NaN  NaN  NaN
9621  1990.73  40.7538 -73.9815  56.4   6 ...   NaN  NaN  NaN  NaN  NaN
9622   1982.3  40.7538 -73.9815  56.4   8 ...   NaN  NaN  NaN  NaN  NaN
9623  1984.81  40.7538 -73.9815  56.4   7 ...   NaN  NaN  NaN  NaN  NaN
9624  1992.65  40.7538 -73.9815  56.4  11 ...   NaN  NaN  NaN  NaN  NaN
9625   1992.7  40.7538 -73.9815  56.4  16 ...   NaN  NaN  NaN  NaN  NaN
9626  1992.75  40.7538 -73.9815  56.4  10 ...   NaN  NaN  NaN  NaN  NaN
9627  1992.74  40.7538 -73.9815  56.4   5 ...   NaN  NaN  NaN  NaN  NaN
9628  1992.77  40.7538 -73.9815  56.4   5 ...   NaN  NaN  NaN  NaN  NaN
9629  1992.81  40.7538 -73.9815  56.4   6 ...   NaN  NaN  NaN  NaN  NaN
9630  1984.68  40.7538 -73.9815  56.4   7 ...   NaN  NaN  NaN  NaN  NaN
9631  1992.66  40.7538 -73.9815  56.4   3 ...   NaN  NaN  NaN  NaN  NaN
9632  1992.62  40.7538 -73.9815  56.4  10 ...   NaN  NaN  NaN  NaN  NaN
9633  1992.69  40.7538 -73.9815  56.4   8 ...   NaN  NaN  NaN  NaN  NaN
9634   1988.1  40.7385 -73.9897  38.1   5 ...   NaN  NaN  NaN  NaN  NaN
9635  1992.63  40.7385 -73.9897  38.1  15 ...   NaN  NaN  NaN  NaN  NaN
9636   1983.4  40.7385 -73.9897  38.1   8 ...   NaN  NaN  NaN  NaN  NaN
9637  1992.66  40.7385 -73.9897  38.1   6 ...   NaN  NaN  NaN  NaN  NaN
9638  1992.72  40.7385 -73.9897  38.1   1 ...   NaN  NaN  NaN  NaN  NaN
9639  1992.81  40.7385 -73.9897  38.1   8 ...   NaN  NaN  NaN  NaN  NaN
9640  1989.21  40.7419 -73.9836  43.3   1 ...   NaN  NaN  NaN  NaN  NaN
9641  1990.43  40.7419 -73.9836  43.3   2 ...   NaN  NaN  NaN  NaN  NaN
9642  1989.79  40.7419 -73.9898  48.5   9 ...     0    1    0    1    0
9643  1983.99  40.7419 -73.9898  48.5   8 ...     0    1    0    1    0
9644  1990.93  40.7419 -73.9898  48.5   8 ...     0    1    0    1    0
9645  1985.23  40.7419 -73.9898  48.5   1 ...     0    1    0    1    0

[9646 rows x 53 columns]
Imputing...
done.
[[ 1.99259178e+03  4.07844000e+01 -7.39445000e+01 ...  1.00000000e+00
   0.00000000e+00  0.00000000e+00]
 [ 1.99275068e+03  4.07844000e+01 -7.39445000e+01 ...  1.00000000e+00
   0.00000000e+00  0.00000000e+00]
 [ 1.98871507e+03  4.07759000e+01 -7.39416000e+01 ...  1.00000000e+00
   0.00000000e+00  0.00000000e+00]
 ...
 [ 1.98399452e+03  4.07419000e+01 -7.39898000e+01 ...  0.00000000e+00
   1.00000000e+00  0.00000000e+00]
 [ 1.99093425e+03  4.07419000e+01 -7.39898000e+01 ...  0.00000000e+00
   1.00000000e+00  0.00000000e+00]
 [ 1.98523288e+03  4.07419000e+01 -7.39898000e+01 ...  0.00000000e+00
   1.00000000e+00  0.00000000e+00]]
Saving data on impute.csv
4214.259537220001
